H;29162883000118;20180724;20180724
V;29162883000118;30278428001800;202581;;;0;H;20180724
V;29162883000118;30278428001800;30154186;;;28000;H;20180724
V;29162883000118;30278428001800;30154193;;;16000;H;20180724
V;29162883000118;30278428001800;30154209;;;11000;H;20180724
V;29162883000118;30278428001800;30154216;;;6000;H;20180724
V;29162883000118;30278428001800;30154223;;;4000;H;20180724
V;29162883000118;30278428001800;30154230;;;15000;H;20180724
V;29162883000118;30278428001800;3474630011595;;;2000;H;20180724
V;29162883000118;30278428001800;3474630130418;;;3000;H;20180724
V;29162883000118;30278428001800;3474630160897;;;8000;H;20180724
V;29162883000118;30278428001800;3474630242784;;;6000;H;20180724
V;29162883000118;30278428001800;3474630251328;;;13000;H;20180724
V;29162883000118;30278428001800;3474630251595;;;6000;H;20180724
V;29162883000118;30278428001800;3474630253407;;;2000;H;20180724
V;29162883000118;30278428001800;3474630283626;;;28000;H;20180724
V;29162883000118;30278428001800;3474630287273;;;11000;H;20180724
V;29162883000118;30278428001800;3474630355323;;;0;H;20180724
V;29162883000118;30278428001800;3474630355323;;;13000;H;20180724
V;29162883000118;30278428001800;3474630355378;;;6000;H;20180724
V;29162883000118;30278428001800;3474630355750;;;11000;H;20180724
V;29162883000118;30278428001800;3474630399891;;;9000;H;20180724
V;29162883000118;30278428001800;3474630399990;;;17000;H;20180724
V;29162883000118;30278428001800;3474630400092;;;5000;H;20180724
V;29162883000118;30278428001800;3474630400191;;;7000;H;20180724
V;29162883000118;30278428001800;3474630400436;;;22000;H;20180724
V;29162883000118;30278428001800;3474630400504;;;57000;H;20180724
V;29162883000118;30278428001800;3474630400603;;;26000;H;20180724
V;29162883000118;30278428001800;3474630400702;;;6000;H;20180724
V;29162883000118;30278428001800;3474630400832;;;23000;H;20180724
V;29162883000118;30278428001800;3474630401006;;;6000;H;20180724
V;29162883000118;30278428001800;3474630401402;;;6000;H;20180724
V;29162883000118;30278428001800;3474630401907;;;6000;H;20180724
V;29162883000118;30278428001800;3474630412188;;;12000;H;20180724
V;29162883000118;30278428001800;3474630412217;;;18000;H;20180724
V;29162883000118;30278428001800;3474630412316;;;22000;H;20180724
V;29162883000118;30278428001800;3474630412644;;;25000;H;20180724
V;29162883000118;30278428001800;3474630412743;;;30000;H;20180724
V;29162883000118;30278428001800;3474630412842;;;12000;H;20180724
V;29162883000118;30278428001800;3474630413344;;;6000;H;20180724
V;29162883000118;30278428001800;3474630413641;;;63000;H;20180724
V;29162883000118;30278428001800;3474630413948;;;15000;H;20180724
V;29162883000118;30278428001800;3474630414044;;;14000;H;20180724
V;29162883000118;30278428001800;3474630414143;;;9000;H;20180724
V;29162883000118;30278428001800;3474630414242;;;13000;H;20180724
V;29162883000118;30278428001800;3474630414648;;;69000;H;20180724
V;29162883000118;30278428001800;3474630414747;;;34000;H;20180724
V;29162883000118;30278428001800;3474630414846;;;17000;H;20180724
V;29162883000118;30278428001800;3474630414945;;;54000;H;20180724
V;29162883000118;30278428001800;3474630415041;;;9000;H;20180724
V;29162883000118;30278428001800;3474630415140;;;11000;H;20180724
V;29162883000118;30278428001800;3474630415249;;;12000;H;20180724
V;29162883000118;30278428001800;3474630415348;;;12000;H;20180724
V;29162883000118;30278428001800;3474630415546;;;65000;H;20180724
V;29162883000118;30278428001800;3474630415645;;;41000;H;20180724
V;29162883000118;30278428001800;3474630415744;;;15000;H;20180724
V;29162883000118;30278428001800;3474630415843;;;24000;H;20180724
V;29162883000118;30278428001800;3474630415942;;;20000;H;20180724
V;29162883000118;30278428001800;3474630416048;;;56000;H;20180724
V;29162883000118;30278428001800;3474630416147;;;22000;H;20180724
V;29162883000118;30278428001800;3474630416246;;;19000;H;20180724
V;29162883000118;30278428001800;3474630416345;;;72000;H;20180724
V;29162883000118;30278428001800;3474630416444;;;43000;H;20180724
V;29162883000118;30278428001800;3474630416543;;;8000;H;20180724
V;29162883000118;30278428001800;3474630416635;;;15000;H;20180724
V;29162883000118;30278428001800;3474630416734;;;5000;H;20180724
V;29162883000118;30278428001800;3474630416833;;;48000;H;20180724
V;29162883000118;30278428001800;3474630416932;;;15000;H;20180724
V;29162883000118;30278428001800;3474630417137;;;7000;H;20180724
V;29162883000118;30278428001800;3474630417830;;;80000;H;20180724
V;29162883000118;30278428001800;3474630417908;;;66000;H;20180724
V;29162883000118;30278428001800;3474630441897;;;41000;H;20180724
V;29162883000118;30278428001800;3474630442061;;;5000;H;20180724
V;29162883000118;30278428001800;3474630442160;;;4000;H;20180724
V;29162883000118;30278428001800;3474630446755;;;4000;H;20180724
V;29162883000118;30278428001800;3474630447257;;;21000;H;20180724
V;29162883000118;30278428001800;3474630447554;;;10000;H;20180724
V;29162883000118;30278428001800;3474630447653;;;25000;H;20180724
V;29162883000118;30278428001800;3474630447752;;;13000;H;20180724
V;29162883000118;30278428001800;3474630462403;;;14000;H;20180724
V;29162883000118;30278428001800;3474630480674;;;6000;H;20180724
V;29162883000118;30278428001800;3474630480773;;;47000;H;20180724
V;29162883000118;30278428001800;3474630481077;;;6000;H;20180724
V;29162883000118;30278428001800;3474630481275;;;6000;H;20180724
V;29162883000118;30278428001800;3474630481572;;;3000;H;20180724
V;29162883000118;30278428001800;3474630482272;;;12000;H;20180724
V;29162883000118;30278428001800;3474630482470;;;5000;H;20180724
V;29162883000118;30278428001800;3474630485341;;;9000;H;20180724
V;29162883000118;30278428001800;3474630491717;;;44000;H;20180724
V;29162883000118;30278428001800;3474630491816;;;30000;H;20180724
V;29162883000118;30278428001800;3474630527584;;;12000;H;20180724
V;29162883000118;30278428001800;3474630529731;;;28000;H;20180724
V;29162883000118;30278428001800;3474630536975;;;10000;H;20180724
V;29162883000118;30278428001800;3474630537071;;;6000;H;20180724
V;29162883000118;30278428001800;3474630537279;;;17000;H;20180724
V;29162883000118;30278428001800;3474630540927;;;15000;H;20180724
V;29162883000118;30278428001800;3474630541023;;;23000;H;20180724
V;29162883000118;30278428001800;3474630541122;;;22000;H;20180724
V;29162883000118;30278428001800;3474630570641;;;6000;H;20180724
V;29162883000118;30278428001800;3474630571044;;;6000;H;20180724
V;29162883000118;30278428001800;3474630571143;;;6000;H;20180724
V;29162883000118;30278428001800;3474630575752;;;8000;H;20180724
V;29162883000118;30278428001800;3474630575875;;;5000;H;20180724
V;29162883000118;30278428001800;3474630613560;;;9000;H;20180724
V;29162883000118;30278428001800;3474630613638;;;6000;H;20180724
V;29162883000118;30278428001800;3474630613713;;;3000;H;20180724
V;29162883000118;30278428001800;3474630614543;;;6000;H;20180724
V;29162883000118;30278428001800;3474630614611;;;6000;H;20180724
V;29162883000118;30278428001800;3474630614659;;;6000;H;20180724
V;29162883000118;30278428001800;3474630614727;;;12000;H;20180724
V;29162883000118;30278428001800;3474630623026;;;1000;H;20180724
V;29162883000118;30278428001800;3474630634602;;;2000;H;20180724
V;29162883000118;30278428001800;3474630634701;;;9000;H;20180724
V;29162883000118;30278428001800;3474630634800;;;7000;H;20180724
V;29162883000118;30278428001800;3474630634909;;;3000;H;20180724
V;29162883000118;30278428001800;3474630642454;;;18000;H;20180724
V;29162883000118;30278428001800;3474630643499;;;3000;H;20180724
V;29162883000118;30278428001800;3474630643611;;;3000;H;20180724
V;29162883000118;30278428001800;3474630643895;;;3000;H;20180724
V;29162883000118;30278428001800;3474630646605;;;10000;H;20180724
V;29162883000118;30278428001800;3474630691735;;;5000;H;20180724
V;29162883000118;30278428001800;3474630691834;;;6000;H;20180724
V;29162883000118;30278428001800;3474630691933;;;6000;H;20180724
V;29162883000118;30278428001800;3474630692039;;;11000;H;20180724
V;29162883000118;30278428001800;3474630692435;;;0;H;20180724
V;29162883000118;30278428001800;3474630696167;;;6000;H;20180724
V;29162883000118;30278428001800;3474630696266;;;12000;H;20180724
V;29162883000118;30278428001800;3474630696365;;;12000;H;20180724
V;29162883000118;30278428001800;3474630696464;;;6000;H;20180724
V;29162883000118;30278428001800;3474630696563;;;3000;H;20180724
V;29162883000118;30278428001800;3474630698000;;;3000;H;20180724
V;29162883000118;30278428001800;3474630698185;;;3000;H;20180724
V;29162883000118;30278428001800;3474630698345;;;3000;H;20180724
V;29162883000118;30278428001800;3474630698505;;;3000;H;20180724
V;29162883000118;30278428001800;3474630704589;;;6000;H;20180724
V;29162883000118;30278428001800;3474630704657;;;3000;H;20180724
V;29162883000118;30278428001800;3474630704756;;;3000;H;20180724
V;29162883000118;30278428001800;3474630704824;;;6000;H;20180724
V;29162883000118;30278428001800;3474630704855;;;8000;H;20180724
V;29162883000118;30278428001800;3474630704886;;;6000;H;20180724
V;29162883000118;30278428001800;3474630704916;;;3000;H;20180724
V;29162883000118;30278428001800;3474630711952;;;14000;H;20180724
V;29162883000118;30278428001800;3474630715196;;;12000;H;20180724
V;29162883000118;30278428001800;3474630715233;;;20000;H;20180724
V;29162883000118;30278428001800;3474630731011;;;0;H;20180724
V;29162883000118;30278428001800;3474630731110;;;1000;H;20180724
V;29162883000118;30278428001800;3474630731318;;;2000;H;20180724
V;29162883000118;30278428001800;3474630731417;;;1000;H;20180724
V;29162883000118;30278428001800;3474630731516;;;2000;H;20180724
V;29162883000118;30278428001800;3474630731714;;;3000;H;20180724
V;29162883000118;30278428001800;3474630731912;;;0;H;20180724
V;29162883000118;30278428001800;3474630732391;;;1000;H;20180724
V;29162883000118;30278428001800;3474630736221;;;74000;H;20180724
V;29162883000118;30278428001800;3474634006467;;;2000;H;20180724
V;29162883000118;30278428001800;3474634006474;;;6000;H;20180724
V;29162883000118;30278428001800;3474634006481;;;5000;H;20180724
V;29162883000118;30278428001800;3474634006498;;;5000;H;20180724
V;29162883000118;30278428001800;3474636108374;;;6000;H;20180724
V;29162883000118;30278428001800;3474636333103;;;6000;H;20180724
V;29162883000118;30278428001800;3474636333110;;;5000;H;20180724
V;29162883000118;30278428001800;3474636333134;;;6000;H;20180724
V;29162883000118;30278428001800;3474636333141;;;6000;H;20180724
V;29162883000118;30278428001800;3474636333165;;;6000;H;20180724
V;29162883000118;30278428001800;3474636333189;;;6000;H;20180724
V;29162883000118;30278428001800;3474636333233;;;4000;H;20180724
V;29162883000118;30278428001800;3474636333240;;;5000;H;20180724
V;29162883000118;30278428001800;3474636333257;;;6000;H;20180724
V;29162883000118;30278428001800;3474636362608;;;3000;H;20180724
V;29162883000118;30278428001800;3474636362622;;;3000;H;20180724
V;29162883000118;30278428001800;3474636362646;;;3000;H;20180724
V;29162883000118;30278428001800;3474636383085;;;10000;H;20180724
V;29162883000118;30278428001800;3474636383092;;;9000;H;20180724
V;29162883000118;30278428001800;3474636383108;;;9000;H;20180724
V;29162883000118;30278428001800;3474636383122;;;9000;H;20180724
V;29162883000118;30278428001800;3474636389568;;;1000;H;20180724
V;29162883000118;30278428001800;3474636389582;;;2000;H;20180724
V;29162883000118;30278428001800;3474636389605;;;0;H;20180724
V;29162883000118;30278428001800;3474636389629;;;3000;H;20180724
V;29162883000118;30278428001800;3474636391073;;;3000;H;20180724
V;29162883000118;30278428001800;3474636391080;;;3000;H;20180724
V;29162883000118;30278428001800;3474636391097;;;11000;H;20180724
V;29162883000118;30278428001800;3474636391103;;;7000;H;20180724
V;29162883000118;30278428001800;3474636391110;;;8000;H;20180724
V;29162883000118;30278428001800;3474636391127;;;7000;H;20180724
V;29162883000118;30278428001800;3474636391202;;;8000;H;20180724
V;29162883000118;30278428001800;3474636434091;;;3000;H;20180724
V;29162883000118;30278428001800;3474636434145;;;3000;H;20180724
V;29162883000118;30278428001800;3474636481835;;;27000;H;20180724
V;29162883000118;30278428001800;3474636481910;;;11000;H;20180724
V;29162883000118;30278428001800;3474636482443;;;12000;H;20180724
V;29162883000118;30278428001800;3474636482474;;;1000;H;20180724
V;29162883000118;30278428001800;3474636482504;;;11000;H;20180724
V;29162883000118;30278428001800;3474636482511;;;7000;H;20180724
V;29162883000118;30278428001800;3474636482597;;;12000;H;20180724
V;29162883000118;30278428001800;3474636483938;;;19000;H;20180724
V;29162883000118;30278428001800;3474636483945;;;4000;H;20180724
V;29162883000118;30278428001800;3474636483952;;;26000;H;20180724
V;29162883000118;30278428001800;3474636484041;;;6000;H;20180724
V;29162883000118;30278428001800;3474636496723;;;2000;H;20180724
V;29162883000118;30278428001800;3474636496815;;;2000;H;20180724
V;29162883000118;30278428001800;3474636496822;;;0;H;20180724
V;29162883000118;30278428001800;3474636502752;;;23000;H;20180724
V;29162883000118;30278428001800;3474636502776;;;21000;H;20180724
V;29162883000118;30278428001800;3474636502790;;;11000;H;20180724
V;29162883000118;30278428001800;3474636505166;;;6000;H;20180724
V;29162883000118;30278428001800;3474636505876;;;16000;H;20180724
V;29162883000118;30278428001800;3474636505890;;;10000;H;20180724
V;29162883000118;30278428001800;3474636506132;;;6000;H;20180724
V;29162883000118;30278428001800;3474636506200;;;11000;H;20180724
V;29162883000118;30278428001800;3474636513871;;;12000;H;20180724
V;29162883000118;30278428001800;7896014106226;;;72000;H;20180724
V;29162883000118;30278428001800;7896014106233;;;50000;H;20180724
V;29162883000118;30278428001800;7896014106240;;;32000;H;20180724
V;29162883000118;30278428001800;7896014168514;;;10000;H;20180724
V;29162883000118;30278428001800;7896014168521;;;6000;H;20180724
V;29162883000118;30278428001800;7896014168552;;;23000;H;20180724
V;29162883000118;30278428001800;7896014168576;;;13000;H;20180724
V;29162883000118;30278428001800;7896014168583;;;42000;H;20180724
V;29162883000118;30278428001800;7896014168590;;;42000;H;20180724
V;29162883000118;30278428001800;7896014168606;;;78000;H;20180724
V;29162883000118;30278428001800;7896014168613;;;43000;H;20180724
V;29162883000118;30278428001800;7896014168620;;;9000;H;20180724
V;29162883000118;30278428001800;7896014168644;;;35000;H;20180724
V;29162883000118;30278428001800;7896014168651;;;3000;H;20180724
V;29162883000118;30278428001800;7896014168675;;;1000;H;20180724
V;29162883000118;30278428001800;7896014168682;;;8000;H;20180724
V;29162883000118;30278428001800;7896014168699;;;0;H;20180724
V;29162883000118;30278428001800;7896014168712;;;0;H;20180724
V;29162883000118;30278428001800;7896014168729;;;19000;H;20180724
V;29162883000118;30278428001800;7896014168736;;;19000;H;20180724
V;29162883000118;30278428001800;7896014168743;;;0;H;20180724
V;29162883000118;30278428001800;7896014168750;;;40000;H;20180724
V;29162883000118;30278428001800;7896014168767;;;18000;H;20180724
V;29162883000118;30278428001800;7896014168774;;;0;H;20180724
V;29162883000118;30278428001800;7896014168781;;;25000;H;20180724
V;29162883000118;30278428001800;7896014168798;;;16000;H;20180724
V;29162883000118;30278428001800;7896014168811;;;3000;H;20180724
V;29162883000118;30278428001800;7896014168828;;;30000;H;20180724
V;29162883000118;30278428001800;7896014168835;;;24000;H;20180724
V;29162883000118;30278428001800;7896014168842;;;18000;H;20180724
V;29162883000118;30278428001800;7896014168859;;;18000;H;20180724
V;29162883000118;30278428001800;7896014168866;;;18000;H;20180724
V;29162883000118;30278428001800;7896014168897;;;16000;H;20180724
V;29162883000118;30278428001800;7896014168903;;;17000;H;20180724
V;29162883000118;30278428001800;7896014168927;;;9000;H;20180724
V;29162883000118;30278428001800;7896014168934;;;3000;H;20180724
V;29162883000118;30278428001800;7896014168941;;;3000;H;20180724
V;29162883000118;30278428001800;7896014168958;;;2000;H;20180724
V;29162883000118;30278428001800;7896014168965;;;7000;H;20180724
V;29162883000118;30278428001800;7896014168989;;;3000;H;20180724
V;29162883000118;30278428001800;7896014168989;;;7000;H;20180724
V;29162883000118;30278428001800;7896014168996;;;7000;H;20180724
V;29162883000118;30278428001800;7896014169009;;;4000;H;20180724
V;29162883000118;30278428001800;7896014169023;;;5000;H;20180724
V;29162883000118;30278428001800;7896014169030;;;6000;H;20180724
V;29162883000118;30278428001800;7896014169054;;;27000;H;20180724
V;29162883000118;30278428001800;7896014169061;;;11000;H;20180724
V;29162883000118;30278428001800;7896014169078;;;2000;H;20180724
V;29162883000118;30278428001800;7896014169085;;;8000;H;20180724
V;29162883000118;30278428001800;7896014169092;;;3000;H;20180724
V;29162883000118;30278428001800;7896014169108;;;1000;H;20180724
V;29162883000118;30278428001800;7896014169115;;;6000;H;20180724
V;29162883000118;30278428001800;7896014169122;;;3000;H;20180724
V;29162883000118;30278428001800;7896014169139;;;12000;H;20180724
V;29162883000118;30278428001800;7896014169146;;;2000;H;20180724
V;29162883000118;30278428001800;7896014169153;;;10000;H;20180724
V;29162883000118;30278428001800;7896014169160;;;6000;H;20180724
V;29162883000118;30278428001800;7896014169177;;;28000;H;20180724
V;29162883000118;30278428001800;7896014169191;;;11000;H;20180724
V;29162883000118;30278428001800;7896014169214;;;1000;H;20180724
V;29162883000118;30278428001800;7896014169221;;;5000;H;20180724
V;29162883000118;30278428001800;7896014169245;;;7000;H;20180724
V;29162883000118;30278428001800;7896014169252;;;10000;H;20180724
V;29162883000118;30278428001800;7896014169269;;;10000;H;20180724
V;29162883000118;30278428001800;7896014169276;;;7000;H;20180724
V;29162883000118;30278428001800;7896014172238;;;9000;H;20180724
V;29162883000118;30278428001800;7896014176397;;;14000;H;20180724
V;29162883000118;30278428001800;7896014176403;;;4000;H;20180724
V;29162883000118;30278428001800;7896014179312;;;3000;H;20180724
V;29162883000118;30278428001800;7896014179329;;;3000;H;20180724
V;29162883000118;30278428001800;7896014179336;;;3000;H;20180724
V;29162883000118;30278428001800;7896014179343;;;3000;H;20180724
V;29162883000118;30278428001800;7896014179350;;;3000;H;20180724
V;29162883000118;30278428001800;7896014179374;;;5000;H;20180724
V;29162883000118;30278428001800;7896014179398;;;3000;H;20180724
V;29162883000118;30278428001800;7896014179411;;;3000;H;20180724
V;29162883000118;30278428001800;7896014179428;;;3000;H;20180724
V;29162883000118;30278428001800;7896014179541;;;315000;H;20180724
V;29162883000118;30278428001800;7896014181193;;;23000;H;20180724
V;29162883000118;30278428001800;7896014181193;;;40000;H;20180724
V;29162883000118;30278428001800;7896014181209;;;71000;H;20180724
V;29162883000118;30278428001800;7896014182886;;;6000;H;20180724
V;29162883000118;30278428001800;7896014182893;;;6000;H;20180724
V;29162883000118;30278428001800;7896014182909;;;25000;H;20180724
V;29162883000118;30278428001800;7896014183012;;;6000;H;20180724
V;29162883000118;30278428001800;7896014185092;;;3000;H;20180724
V;29162883000118;30278428001800;7896014185108;;;3000;H;20180724
V;29162883000118;30278428001800;7896014188819;;;6000;H;20180724
V;29162883000118;30278428001800;7896014188826;;;12000;H;20180724
V;29162883000118;30278428001800;7896014188833;;;5000;H;20180724
V;29162883000118;30278428001800;7896014188840;;;7000;H;20180724
V;29162883000118;30278428001800;7896014188857;;;0;H;20180724
V;29162883000118;30278428001800;7896014188864;;;42000;H;20180724
V;29162883000118;30278428001800;7896014189168;;;3000;H;20180724
V;29162883000118;30278428001800;7896014190348;;;6000;H;20180724
V;29162883000118;30278428001800;7896014192472;;;47000;H;20180724
V;29162883000118;30278428001800;7896014194544;;;2000;H;20180724
V;29162883000118;30278428001800;7896014194568;;;3000;H;20180724
V;29162883000118;30278428001800;7896014194575;;;10000;H;20180724
V;29162883000118;30278428001800;7898587760928;;;21000;H;20180724
V;29162883000118;30278428001800;7898587766913;;;11000;H;20180724
V;29162883000118;30278428001800;7898587766937;;;8000;H;20180724
V;29162883000118;30278428001800;7898587766975;;;26000;H;20180724
V;29162883000118;30278428001800;7898587776677;;;20000;H;20180724
V;29162883000118;30278428001800;7898587776691;;;21000;H;20180724
V;29162883000118;30278428001800;7898587776691;;;28000;H;20180724
V;29162883000118;30278428001800;7898587776738;;;25000;H;20180724
V;29162883000118;30278428001800;7898587776776;;;93000;H;20180724
V;29162883000118;30278428001800;7898587776790;;;5000;H;20180724
V;29162883000118;30278428001800;7898587778749;;;13000;H;20180724
V;29162883000118;30278428001800;7898587778756;;;7000;H;20180724
V;29162883000118;30278428001800;7898587778770;;;13000;H;20180724
V;29162883000118;30278428001800;7898587778787;;;10000;H;20180724
V;29162883000118;30278428001800;7899026439269;;;6000;H;20180724
V;29162883000118;30278428001800;7899026439986;;;16000;H;20180724
V;29162883000118;30278428001800;7899026440012;;;9000;H;20180724
V;29162883000118;30278428001800;7899026440029;;;25000;H;20180724
V;29162883000118;30278428001800;7899026440036;;;3000;H;20180724
V;29162883000118;30278428001800;7899026440043;;;9000;H;20180724
V;29162883000118;30278428001800;7899026440050;;;32000;H;20180724
V;29162883000118;30278428001800;7899026440067;;;7000;H;20180724
V;29162883000118;30278428001800;7899026440074;;;10000;H;20180724
V;29162883000118;30278428001800;7899026440081;;;13000;H;20180724
V;29162883000118;30278428001800;7899026440098;;;35000;H;20180724
V;29162883000118;30278428001800;7899026440104;;;25000;H;20180724
V;29162883000118;30278428001800;7899026440111;;;12000;H;20180724
V;29162883000118;30278428001800;7899026440128;;;8000;H;20180724
V;29162883000118;30278428001800;7899026440135;;;20000;H;20180724
V;29162883000118;30278428001800;7899026440142;;;9000;H;20180724
V;29162883000118;30278428001800;7899026440159;;;12000;H;20180724
V;29162883000118;30278428001800;7899026440166;;;9000;H;20180724
V;29162883000118;30278428001800;7899026440173;;;15000;H;20180724
V;29162883000118;30278428001800;7899026472051;;;0;H;20180724
V;29162883000118;30278428001800;7899026472075;;;1000;H;20180724
V;29162883000118;30278428001800;7899026472099;;;3000;H;20180724
V;29162883000118;30278428001800;7899026472112;;;1000;H;20180724
V;29162883000118;30278428001800;7899026472136;;;1000;H;20180724
V;29162883000118;30278428001800;7899026473850;;;6000;H;20180724
V;29162883000118;30278428001800;7899026473867;;;7000;H;20180724
V;29162883000118;30278428001800;7899026473874;;;25000;H;20180724
V;29162883000118;30278428001800;7899026473881;;;19000;H;20180724
V;29162883000118;30278428001800;7899026473898;;;76000;H;20180724
V;29162883000118;30278428001800;7899026473904;;;46000;H;20180724
V;29162883000118;30278428001800;7899026473911;;;25000;H;20180724
V;29162883000118;30278428001800;7899026473928;;;12000;H;20180724
V;29162883000118;30278428001800;7899026473935;;;4000;H;20180724
V;29162883000118;30278428001800;7899026473942;;;13000;H;20180724
V;29162883000118;30278428001800;7899026473959;;;12000;H;20180724
V;29162883000118;30278428001800;7899026473973;;;13000;H;20180724
V;29162883000118;30278428001800;7899026473980;;;12000;H;20180724
V;29162883000118;30278428001800;7899026474000;;;6000;H;20180724
V;29162883000118;30278428001800;7899026474017;;;14000;H;20180724
V;29162883000118;30278428001800;7899026474031;;;12000;H;20180724
V;29162883000118;30278428001800;7899026474055;;;13000;H;20180724
V;29162883000118;30278428001800;7899026474062;;;11000;H;20180724
V;29162883000118;30278428001800;7899026474079;;;6000;H;20180724
V;29162883000118;30278428001800;7899026474109;;;9000;H;20180724
V;29162883000118;30278428001800;7899026474123;;;3000;H;20180724
V;29162883000118;30278428001800;7899026474130;;;11000;H;20180724
V;29162883000118;30278428001800;7899026474154;;;20000;H;20180724
V;29162883000118;30278428001800;7899026474161;;;13000;H;20180724
V;29162883000118;30278428001800;7899026475908;;;28000;H;20180724
V;29162883000118;30278428001800;7899026475922;;;44000;H;20180724
V;29162883000118;30278428001800;7899026475953;;;20000;H;20180724
V;29162883000118;30278428001800;7899026475977;;;51000;H;20180724
V;29162883000118;30278428001800;7899026475991;;;144000;H;20180724
V;29162883000118;30278428001800;7899026476011;;;103000;H;20180724
V;29162883000118;30278428001800;7899026479425;;;16000;H;20180724
V;29162883000118;30278428001800;7899026479432;;;10000;H;20180724
V;29162883000118;30278428001800;7899026482241;;;13000;H;20180724
V;29162883000118;30278428001800;7899026482258;;;7000;H;20180724
V;29162883000118;30278428001800;7899026482265;;;72000;H;20180724
V;29162883000118;30278428001800;7899026482968;;;7000;H;20180724
V;29162883000118;30278428001800;7899026486553;;;21000;H;20180724
V;29162883000118;30278428001800;7899026486614;;;6000;H;20180724
V;29162883000118;30278428001800;7899026492622;;;64000;H;20180724
V;29162883000118;30278428001800;7899026492639;;;58000;H;20180724
V;29162883000118;30278428001800;7899026492646;;;81000;H;20180724
V;29162883000118;30278428001800;7899026492653;;;81000;H;20180724
V;29162883000118;30278428001800;7899026492660;;;17000;H;20180724
V;29162883000118;30278428001800;7899026492813;;;76000;H;20180724
V;29162883000118;30278428001800;7899026492820;;;65000;H;20180724
V;29162883000118;30278428001800;7899026492837;;;20000;H;20180724
V;29162883000118;30278428001800;7899026492844;;;65000;H;20180724
V;29162883000118;30278428001800;7899026492851;;;6000;H;20180724
V;29162883000118;30278428001800;7899026492868;;;4000;H;20180724
V;29162883000118;30278428001800;7899026492875;;;11000;H;20180724
V;29162883000118;30278428001800;7899026492882;;;14000;H;20180724
V;29162883000118;30278428001800;7899026492899;;;5000;H;20180724
V;29162883000118;30278428001800;7899026496835;;;14000;H;20180724
V;29162883000118;30278428001800;7899026496842;;;10000;H;20180724
V;29162883000118;30278428001800;7899706112123;;;9000;H;20180724
V;29162883000118;30278428001800;7899706112130;;;17000;H;20180724
V;29162883000118;30278428001800;7899706112147;;;12000;H;20180724
V;29162883000118;30278428001800;7899706112178;;;12000;H;20180724
V;29162883000118;30278428001800;7899706116008;;;32000;H;20180724
V;29162883000118;30278428001800;7899706116022;;;26000;H;20180724
V;29162883000118;30278428001800;7899706116084;;;103000;H;20180724
V;29162883000118;30278428001800;7899706116145;;;0;H;20180724
V;29162883000118;30278428001800;7899706116145;;;145000;H;20180724
V;29162883000118;30278428001800;7899706117890;;;9000;H;20180724
V;29162883000118;30278428001800;7899706119849;;;9000;H;20180724
V;29162883000118;30278428001800;7899706119863;;;4000;H;20180724
V;29162883000118;30278428001800;7899706121392;;;32000;H;20180724
V;29162883000118;30278428001800;7899706121453;;;64000;H;20180724
V;29162883000118;30278428001800;7899706121477;;;62000;H;20180724
V;29162883000118;30278428001800;7899706121514;;;11000;H;20180724
V;29162883000118;30278428001800;7899706121552;;;6000;H;20180724
V;29162883000118;30278428001800;7899706126335;;;527000;H;20180724
V;29162883000118;30278428001800;7899706129121;;;11000;H;20180724
V;29162883000118;30278428001800;7899706129138;;;3000;H;20180724
V;29162883000118;30278428001800;7899706129145;;;14000;H;20180724
V;29162883000118;30278428001800;7899706131865;;;53000;H;20180724
V;29162883000118;30278428001800;7899706132435;;;140000;H;20180724
V;29162883000118;30278428001800;7899706138550;;;6000;H;20180724
V;29162883000118;30278428001800;7899706138567;;;3000;H;20180724
V;29162883000118;30278428001800;7899706138574;;;3000;H;20180724
V;29162883000118;30278428001800;7899706138581;;;3000;H;20180724
V;29162883000118;30278428001800;7899706138598;;;3000;H;20180724
V;29162883000118;30278428001800;7899706143097;;;66000;H;20180724
V;29162883000118;30278428001800;7899706143134;;;26000;H;20180724
V;29162883000118;30278428001800;7899706143172;;;53000;H;20180724
V;29162883000118;30278428001800;7899706143219;;;13000;H;20180724
V;29162883000118;30278428001800;7899706143219;;;442000;H;20180724
V;29162883000118;30278428001800;7899706144711;;;24000;H;20180724
V;29162883000118;30278428001800;7899706144711;;;40000;H;20180724
V;29162883000118;30278428001800;7899706145558;;;90000;H;20180724
V;29162883000118;30278428001800;7899706145718;;;158000;H;20180724
V;29162883000118;30278428001800;7899706147217;;;18000;H;20180724
V;29162883000118;30278428001800;7899706147224;;;12000;H;20180724
V;29162883000118;30278428001800;7899706147989;;;22000;H;20180724
V;29162883000118;30278428001800;7899706148009;;;25000;H;20180724
V;29162883000118;30278428001800;7899706148023;;;8000;H;20180724
V;29162883000118;30278428001800;7899706148047;;;41000;H;20180724
V;29162883000118;30278428001800;7899706150705;;;143000;H;20180724
V;29162883000118;30278428001800;7899706150712;;;161000;H;20180724
V;29162883000118;30278428001800;7899706154215;;;56000;H;20180724
V;29162883000118;30278428001800;7899706154239;;;45000;H;20180724
V;29162883000118;30278428001800;7899706154253;;;37000;H;20180724
V;29162883000118;30278428001800;7899706154277;;;36000;H;20180724
V;29162883000118;30278428001800;7899706154291;;;27000;H;20180724
V;29162883000118;30278428001800;7899706154314;;;50000;H;20180724
V;29162883000118;30278428001800;7899706154390;;;43000;H;20180724
V;29162883000118;30278428001800;7899706154413;;;43000;H;20180724
V;29162883000118;30278428001800;7899706154437;;;42000;H;20180724
V;29162883000118;30278428001800;7899706154451;;;34000;H;20180724
V;29162883000118;30278428001800;7899706154529;;;31000;H;20180724
V;29162883000118;30278428001800;7899706154543;;;7000;H;20180724
V;29162883000118;30278428001800;7899706154567;;;4000;H;20180724
V;29162883000118;30278428001800;7899706154604;;;54000;H;20180724
V;29162883000118;30278428001800;7899706154628;;;48000;H;20180724
V;29162883000118;30278428001800;7899706154680;;;41000;H;20180724
V;29162883000118;30278428001800;7899706154703;;;37000;H;20180724
V;29162883000118;30278428001800;7899706154727;;;21000;H;20180724
V;29162883000118;30278428001800;7899706154789;;;24000;H;20180724
V;29162883000118;30278428001800;7899706155786;;;15000;H;20180724
V;29162883000118;30278428001800;7899706155847;;;12000;H;20180724
V;29162883000118;30278428001800;861047;;;31000;H;20180724
V;29162883000118;30278428001800;884486285560;;;6000;H;20180724
V;29162883000118;30278428001800;884486339720;;;6000;H;20180724
V;29162883000118;30278428001800;E0344602;;;10000;H;20180724
V;29162883000118;30278428001800;E0668900;;;6000;H;20180724
V;29162883000118;30278428001800;E1599400;;;114000;H;20180724
V;29162883000118;30278428001800;E1605000;;;6000;H;20180724
V;29162883000118;30278428001800;E2414000;;;18000;H;20180724
V;29162883000118;30278428001800;UBR02143;;;358000;H;20180724
V;29162883000118;30278428001800;UBR02152;;;10000;H;20180724
V;29162883000118;30278428001800;UBR02153;;;4000;H;20180724
V;29162883000118;30278428001800;UBR02154;;;19000;H;20180724
V;29162883000118;30278428001800;UBR02155;;;1000;H;20180724
V;29162883000118;30278428001800;UBR02163;;;769000;H;20180724
V;29162883000118;30278428001800;UBR02168;;;65000;H;20180724
V;29162883000118;30278428001800;UBR02169;;;65000;H;20180724
E
