H;29162883000118;20180619;20180619
V;29162883000118;30278428001800;30154186;;;32000;H;20180619
V;29162883000118;30278428001800;30154193;;;10000;H;20180619
V;29162883000118;30278428001800;30154209;;;9000;H;20180619
V;29162883000118;30278428001800;30154216;;;6000;H;20180619
V;29162883000118;30278428001800;30154223;;;6000;H;20180619
V;29162883000118;30278428001800;30154230;;;10000;H;20180619
V;29162883000118;30278428001800;3474630011595;;;3000;H;20180619
V;29162883000118;30278428001800;3474630130418;;;3000;H;20180619
V;29162883000118;30278428001800;3474630160897;;;5000;H;20180619
V;29162883000118;30278428001800;3474630242784;;;6000;H;20180619
V;29162883000118;30278428001800;3474630251328;;;3000;H;20180619
V;29162883000118;30278428001800;3474630251595;;;3000;H;20180619
V;29162883000118;30278428001800;3474630253407;;;2000;H;20180619
V;29162883000118;30278428001800;3474630283626;;;1000;H;20180619
V;29162883000118;30278428001800;3474630287273;;;5000;H;20180619
V;29162883000118;30278428001800;3474630355323;;;2000;H;20180619
V;29162883000118;30278428001800;3474630355323;;;24000;H;20180619
V;29162883000118;30278428001800;3474630355750;;;2000;H;20180619
V;29162883000118;30278428001800;3474630399891;;;3000;H;20180619
V;29162883000118;30278428001800;3474630399990;;;3000;H;20180619
V;29162883000118;30278428001800;3474630400092;;;3000;H;20180619
V;29162883000118;30278428001800;3474630400191;;;7000;H;20180619
V;29162883000118;30278428001800;3474630400436;;;24000;H;20180619
V;29162883000118;30278428001800;3474630400504;;;28000;H;20180619
V;29162883000118;30278428001800;3474630400603;;;7000;H;20180619
V;29162883000118;30278428001800;3474630400702;;;3000;H;20180619
V;29162883000118;30278428001800;3474630400832;;;3000;H;20180619
V;29162883000118;30278428001800;3474630401006;;;3000;H;20180619
V;29162883000118;30278428001800;3474630401402;;;3000;H;20180619
V;29162883000118;30278428001800;3474630401907;;;3000;H;20180619
V;29162883000118;30278428001800;3474630412188;;;5000;H;20180619
V;29162883000118;30278428001800;3474630412217;;;3000;H;20180619
V;29162883000118;30278428001800;3474630412316;;;5000;H;20180619
V;29162883000118;30278428001800;3474630412644;;;15000;H;20180619
V;29162883000118;30278428001800;3474630412743;;;0;H;20180619
V;29162883000118;30278428001800;3474630412842;;;3000;H;20180619
V;29162883000118;30278428001800;3474630413641;;;19000;H;20180619
V;29162883000118;30278428001800;3474630413948;;;2000;H;20180619
V;29162883000118;30278428001800;3474630414044;;;2000;H;20180619
V;29162883000118;30278428001800;3474630414143;;;0;H;20180619
V;29162883000118;30278428001800;3474630414242;;;3000;H;20180619
V;29162883000118;30278428001800;3474630414648;;;28000;H;20180619
V;29162883000118;30278428001800;3474630414747;;;13000;H;20180619
V;29162883000118;30278428001800;3474630414846;;;5000;H;20180619
V;29162883000118;30278428001800;3474630414945;;;1000;H;20180619
V;29162883000118;30278428001800;3474630415041;;;6000;H;20180619
V;29162883000118;30278428001800;3474630415140;;;3000;H;20180619
V;29162883000118;30278428001800;3474630415249;;;12000;H;20180619
V;29162883000118;30278428001800;3474630415348;;;3000;H;20180619
V;29162883000118;30278428001800;3474630415546;;;14000;H;20180619
V;29162883000118;30278428001800;3474630415645;;;9000;H;20180619
V;29162883000118;30278428001800;3474630415744;;;2000;H;20180619
V;29162883000118;30278428001800;3474630415843;;;0;H;20180619
V;29162883000118;30278428001800;3474630415942;;;1000;H;20180619
V;29162883000118;30278428001800;3474630416048;;;0;H;20180619
V;29162883000118;30278428001800;3474630416147;;;0;H;20180619
V;29162883000118;30278428001800;3474630416246;;;0;H;20180619
V;29162883000118;30278428001800;3474630416345;;;15000;H;20180619
V;29162883000118;30278428001800;3474630416444;;;3000;H;20180619
V;29162883000118;30278428001800;3474630416543;;;0;H;20180619
V;29162883000118;30278428001800;3474630416635;;;2000;H;20180619
V;29162883000118;30278428001800;3474630416734;;;3000;H;20180619
V;29162883000118;30278428001800;3474630416833;;;2000;H;20180619
V;29162883000118;30278428001800;3474630416932;;;2000;H;20180619
V;29162883000118;30278428001800;3474630417137;;;0;H;20180619
V;29162883000118;30278428001800;3474630417830;;;16000;H;20180619
V;29162883000118;30278428001800;3474630417908;;;4000;H;20180619
V;29162883000118;30278428001800;3474630441897;;;35000;H;20180619
V;29162883000118;30278428001800;3474630442061;;;3000;H;20180619
V;29162883000118;30278428001800;3474630442160;;;3000;H;20180619
V;29162883000118;30278428001800;3474630446755;;;5000;H;20180619
V;29162883000118;30278428001800;3474630447257;;;2000;H;20180619
V;29162883000118;30278428001800;3474630447554;;;3000;H;20180619
V;29162883000118;30278428001800;3474630447653;;;0;H;20180619
V;29162883000118;30278428001800;3474630447752;;;3000;H;20180619
V;29162883000118;30278428001800;3474630462403;;;24000;H;20180619
V;29162883000118;30278428001800;3474630480674;;;3000;H;20180619
V;29162883000118;30278428001800;3474630480773;;;30000;H;20180619
V;29162883000118;30278428001800;3474630481077;;;3000;H;20180619
V;29162883000118;30278428001800;3474630481275;;;3000;H;20180619
V;29162883000118;30278428001800;3474630481572;;;3000;H;20180619
V;29162883000118;30278428001800;3474630482272;;;2000;H;20180619
V;29162883000118;30278428001800;3474630482470;;;3000;H;20180619
V;29162883000118;30278428001800;3474630485341;;;3000;H;20180619
V;29162883000118;30278428001800;3474630491717;;;33000;H;20180619
V;29162883000118;30278428001800;3474630491816;;;27000;H;20180619
V;29162883000118;30278428001800;3474630529731;;;0;H;20180619
V;29162883000118;30278428001800;3474630536975;;;7000;H;20180619
V;29162883000118;30278428001800;3474630537071;;;3000;H;20180619
V;29162883000118;30278428001800;3474630537279;;;19000;H;20180619
V;29162883000118;30278428001800;3474630540927;;;1000;H;20180619
V;29162883000118;30278428001800;3474630541023;;;5000;H;20180619
V;29162883000118;30278428001800;3474630541122;;;0;H;20180619
V;29162883000118;30278428001800;3474630570641;;;3000;H;20180619
V;29162883000118;30278428001800;3474630571044;;;3000;H;20180619
V;29162883000118;30278428001800;3474630571143;;;3000;H;20180619
V;29162883000118;30278428001800;3474630575752;;;5000;H;20180619
V;29162883000118;30278428001800;3474630575875;;;3000;H;20180619
V;29162883000118;30278428001800;3474630613560;;;6000;H;20180619
V;29162883000118;30278428001800;3474630613713;;;3000;H;20180619
V;29162883000118;30278428001800;3474630614611;;;3000;H;20180619
V;29162883000118;30278428001800;3474630614727;;;6000;H;20180619
V;29162883000118;30278428001800;3474630623026;;;3000;H;20180619
V;29162883000118;30278428001800;3474630634602;;;3000;H;20180619
V;29162883000118;30278428001800;3474630634701;;;2000;H;20180619
V;29162883000118;30278428001800;3474630634800;;;2000;H;20180619
V;29162883000118;30278428001800;3474630634909;;;3000;H;20180619
V;29162883000118;30278428001800;3474630642454;;;2000;H;20180619
V;29162883000118;30278428001800;3474630646605;;;3000;H;20180619
V;29162883000118;30278428001800;3474630691735;;;6000;H;20180619
V;29162883000118;30278428001800;3474630692039;;;1000;H;20180619
V;29162883000118;30278428001800;3474630692435;;;1000;H;20180619
V;29162883000118;30278428001800;3474630696266;;;3000;H;20180619
V;29162883000118;30278428001800;3474630696365;;;3000;H;20180619
V;29162883000118;30278428001800;3474630696563;;;3000;H;20180619
V;29162883000118;30278428001800;3474630698000;;;3000;H;20180619
V;29162883000118;30278428001800;3474630698185;;;3000;H;20180619
V;29162883000118;30278428001800;3474630698345;;;3000;H;20180619
V;29162883000118;30278428001800;3474630698505;;;3000;H;20180619
V;29162883000118;30278428001800;3474630704589;;;6000;H;20180619
V;29162883000118;30278428001800;3474630704657;;;3000;H;20180619
V;29162883000118;30278428001800;3474630704756;;;3000;H;20180619
V;29162883000118;30278428001800;3474630704824;;;6000;H;20180619
V;29162883000118;30278428001800;3474630704855;;;8000;H;20180619
V;29162883000118;30278428001800;3474630704886;;;6000;H;20180619
V;29162883000118;30278428001800;3474630704916;;;3000;H;20180619
V;29162883000118;30278428001800;3474630711952;;;11000;H;20180619
V;29162883000118;30278428001800;3474630715196;;;6000;H;20180619
V;29162883000118;30278428001800;3474630715233;;;19000;H;20180619
V;29162883000118;30278428001800;3474630731011;;;3000;H;20180619
V;29162883000118;30278428001800;3474630731110;;;3000;H;20180619
V;29162883000118;30278428001800;3474630731318;;;4000;H;20180619
V;29162883000118;30278428001800;3474630731417;;;3000;H;20180619
V;29162883000118;30278428001800;3474630731516;;;3000;H;20180619
V;29162883000118;30278428001800;3474630731714;;;4000;H;20180619
V;29162883000118;30278428001800;3474630731912;;;3000;H;20180619
V;29162883000118;30278428001800;3474630732391;;;1000;H;20180619
V;29162883000118;30278428001800;3474630736221;;;1000;H;20180619
V;29162883000118;30278428001800;3474634006467;;;3000;H;20180619
V;29162883000118;30278428001800;3474634006481;;;3000;H;20180619
V;29162883000118;30278428001800;3474634006498;;;3000;H;20180619
V;29162883000118;30278428001800;3474636333103;;;3000;H;20180619
V;29162883000118;30278428001800;3474636333110;;;3000;H;20180619
V;29162883000118;30278428001800;3474636333134;;;3000;H;20180619
V;29162883000118;30278428001800;3474636333141;;;3000;H;20180619
V;29162883000118;30278428001800;3474636333165;;;3000;H;20180619
V;29162883000118;30278428001800;3474636333189;;;3000;H;20180619
V;29162883000118;30278428001800;3474636333233;;;3000;H;20180619
V;29162883000118;30278428001800;3474636333240;;;6000;H;20180619
V;29162883000118;30278428001800;3474636333257;;;3000;H;20180619
V;29162883000118;30278428001800;3474636362608;;;3000;H;20180619
V;29162883000118;30278428001800;3474636362622;;;3000;H;20180619
V;29162883000118;30278428001800;3474636362646;;;3000;H;20180619
V;29162883000118;30278428001800;3474636383085;;;3000;H;20180619
V;29162883000118;30278428001800;3474636383092;;;3000;H;20180619
V;29162883000118;30278428001800;3474636383108;;;3000;H;20180619
V;29162883000118;30278428001800;3474636383122;;;3000;H;20180619
V;29162883000118;30278428001800;3474636389568;;;3000;H;20180619
V;29162883000118;30278428001800;3474636389582;;;3000;H;20180619
V;29162883000118;30278428001800;3474636389605;;;3000;H;20180619
V;29162883000118;30278428001800;3474636389629;;;3000;H;20180619
V;29162883000118;30278428001800;3474636391073;;;3000;H;20180619
V;29162883000118;30278428001800;3474636391080;;;4000;H;20180619
V;29162883000118;30278428001800;3474636391097;;;5000;H;20180619
V;29162883000118;30278428001800;3474636391103;;;6000;H;20180619
V;29162883000118;30278428001800;3474636391110;;;6000;H;20180619
V;29162883000118;30278428001800;3474636391127;;;5000;H;20180619
V;29162883000118;30278428001800;3474636391202;;;3000;H;20180619
V;29162883000118;30278428001800;3474636434091;;;3000;H;20180619
V;29162883000118;30278428001800;3474636434145;;;3000;H;20180619
V;29162883000118;30278428001800;3474636481835;;;1000;H;20180619
V;29162883000118;30278428001800;3474636481910;;;0;H;20180619
V;29162883000118;30278428001800;3474636482443;;;1000;H;20180619
V;29162883000118;30278428001800;3474636482474;;;5000;H;20180619
V;29162883000118;30278428001800;3474636482511;;;3000;H;20180619
V;29162883000118;30278428001800;3474636483938;;;2000;H;20180619
V;29162883000118;30278428001800;3474636483945;;;2000;H;20180619
V;29162883000118;30278428001800;3474636483952;;;12000;H;20180619
V;29162883000118;30278428001800;3474636484041;;;6000;H;20180619
V;29162883000118;30278428001800;3474636496723;;;2000;H;20180619
V;29162883000118;30278428001800;3474636496815;;;2000;H;20180619
V;29162883000118;30278428001800;3474636496822;;;2000;H;20180619
V;29162883000118;30278428001800;3474636502752;;;3000;H;20180619
V;29162883000118;30278428001800;3474636502776;;;1000;H;20180619
V;29162883000118;30278428001800;3474636502790;;;2000;H;20180619
V;29162883000118;30278428001800;3474636505876;;;7000;H;20180619
V;29162883000118;30278428001800;3474636505890;;;0;H;20180619
V;29162883000118;30278428001800;3474636506132;;;6000;H;20180619
V;29162883000118;30278428001800;3474636506200;;;11000;H;20180619
V;29162883000118;30278428001800;7896014106226;;;64000;H;20180619
V;29162883000118;30278428001800;7896014106233;;;46000;H;20180619
V;29162883000118;30278428001800;7896014106240;;;29000;H;20180619
V;29162883000118;30278428001800;7896014168514;;;6000;H;20180619
V;29162883000118;30278428001800;7896014168521;;;2000;H;20180619
V;29162883000118;30278428001800;7896014168552;;;20000;H;20180619
V;29162883000118;30278428001800;7896014168576;;;22000;H;20180619
V;29162883000118;30278428001800;7896014168583;;;60000;H;20180619
V;29162883000118;30278428001800;7896014168590;;;70000;H;20180619
V;29162883000118;30278428001800;7896014168606;;;97000;H;20180619
V;29162883000118;30278428001800;7896014168613;;;52000;H;20180619
V;29162883000118;30278428001800;7896014168620;;;10000;H;20180619
V;29162883000118;30278428001800;7896014168644;;;0;H;20180619
V;29162883000118;30278428001800;7896014168651;;;3000;H;20180619
V;29162883000118;30278428001800;7896014168675;;;8000;H;20180619
V;29162883000118;30278428001800;7896014168682;;;20000;H;20180619
V;29162883000118;30278428001800;7896014168699;;;43000;H;20180619
V;29162883000118;30278428001800;7896014168712;;;63000;H;20180619
V;29162883000118;30278428001800;7896014168729;;;19000;H;20180619
V;29162883000118;30278428001800;7896014168736;;;13000;H;20180619
V;29162883000118;30278428001800;7896014168743;;;68000;H;20180619
V;29162883000118;30278428001800;7896014168750;;;48000;H;20180619
V;29162883000118;30278428001800;7896014168767;;;23000;H;20180619
V;29162883000118;30278428001800;7896014168774;;;62000;H;20180619
V;29162883000118;30278428001800;7896014168781;;;48000;H;20180619
V;29162883000118;30278428001800;7896014168798;;;18000;H;20180619
V;29162883000118;30278428001800;7896014168811;;;58000;H;20180619
V;29162883000118;30278428001800;7896014168828;;;48000;H;20180619
V;29162883000118;30278428001800;7896014168835;;;24000;H;20180619
V;29162883000118;30278428001800;7896014168842;;;30000;H;20180619
V;29162883000118;30278428001800;7896014168859;;;22000;H;20180619
V;29162883000118;30278428001800;7896014168866;;;18000;H;20180619
V;29162883000118;30278428001800;7896014168897;;;13000;H;20180619
V;29162883000118;30278428001800;7896014168903;;;7000;H;20180619
V;29162883000118;30278428001800;7896014168927;;;12000;H;20180619
V;29162883000118;30278428001800;7896014168934;;;7000;H;20180619
V;29162883000118;30278428001800;7896014168941;;;11000;H;20180619
V;29162883000118;30278428001800;7896014168958;;;3000;H;20180619
V;29162883000118;30278428001800;7896014168965;;;5000;H;20180619
V;29162883000118;30278428001800;7896014168989;;;3000;H;20180619
V;29162883000118;30278428001800;7896014168989;;;6000;H;20180619
V;29162883000118;30278428001800;7896014168996;;;13000;H;20180619
V;29162883000118;30278428001800;7896014169009;;;3000;H;20180619
V;29162883000118;30278428001800;7896014169023;;;6000;H;20180619
V;29162883000118;30278428001800;7896014169030;;;4000;H;20180619
V;29162883000118;30278428001800;7896014169054;;;10000;H;20180619
V;29162883000118;30278428001800;7896014169061;;;13000;H;20180619
V;29162883000118;30278428001800;7896014169078;;;5000;H;20180619
V;29162883000118;30278428001800;7896014169085;;;8000;H;20180619
V;29162883000118;30278428001800;7896014169092;;;7000;H;20180619
V;29162883000118;30278428001800;7896014169108;;;8000;H;20180619
V;29162883000118;30278428001800;7896014169115;;;3000;H;20180619
V;29162883000118;30278428001800;7896014169122;;;3000;H;20180619
V;29162883000118;30278428001800;7896014169139;;;9000;H;20180619
V;29162883000118;30278428001800;7896014169146;;;9000;H;20180619
V;29162883000118;30278428001800;7896014169153;;;11000;H;20180619
V;29162883000118;30278428001800;7896014169160;;;3000;H;20180619
V;29162883000118;30278428001800;7896014169177;;;43000;H;20180619
V;29162883000118;30278428001800;7896014169191;;;13000;H;20180619
V;29162883000118;30278428001800;7896014169214;;;14000;H;20180619
V;29162883000118;30278428001800;7896014169221;;;14000;H;20180619
V;29162883000118;30278428001800;7896014169245;;;5000;H;20180619
V;29162883000118;30278428001800;7896014169252;;;10000;H;20180619
V;29162883000118;30278428001800;7896014169269;;;10000;H;20180619
V;29162883000118;30278428001800;7896014169276;;;7000;H;20180619
V;29162883000118;30278428001800;7896014172238;;;11000;H;20180619
V;29162883000118;30278428001800;7896014176397;;;11000;H;20180619
V;29162883000118;30278428001800;7896014176403;;;9000;H;20180619
V;29162883000118;30278428001800;7896014179312;;;3000;H;20180619
V;29162883000118;30278428001800;7896014179329;;;3000;H;20180619
V;29162883000118;30278428001800;7896014179336;;;3000;H;20180619
V;29162883000118;30278428001800;7896014179343;;;3000;H;20180619
V;29162883000118;30278428001800;7896014179350;;;3000;H;20180619
V;29162883000118;30278428001800;7896014179374;;;5000;H;20180619
V;29162883000118;30278428001800;7896014179398;;;3000;H;20180619
V;29162883000118;30278428001800;7896014179411;;;3000;H;20180619
V;29162883000118;30278428001800;7896014179428;;;3000;H;20180619
V;29162883000118;30278428001800;7896014179541;;;296000;H;20180619
V;29162883000118;30278428001800;7896014181193;;;23000;H;20180619
V;29162883000118;30278428001800;7896014181209;;;23000;H;20180619
V;29162883000118;30278428001800;7896014182886;;;6000;H;20180619
V;29162883000118;30278428001800;7896014182893;;;6000;H;20180619
V;29162883000118;30278428001800;7896014182909;;;1000;H;20180619
V;29162883000118;30278428001800;7896014183012;;;3000;H;20180619
V;29162883000118;30278428001800;7896014185092;;;3000;H;20180619
V;29162883000118;30278428001800;7896014185108;;;3000;H;20180619
V;29162883000118;30278428001800;7896014188826;;;0;H;20180619
V;29162883000118;30278428001800;7896014188833;;;3000;H;20180619
V;29162883000118;30278428001800;7896014188840;;;3000;H;20180619
V;29162883000118;30278428001800;7896014188857;;;6000;H;20180619
V;29162883000118;30278428001800;7896014189168;;;3000;H;20180619
V;29162883000118;30278428001800;7896014190348;;;3000;H;20180619
V;29162883000118;30278428001800;7896014192472;;;24000;H;20180619
V;29162883000118;30278428001800;7896014194568;;;5000;H;20180619
V;29162883000118;30278428001800;7896014194575;;;11000;H;20180619
V;29162883000118;30278428001800;7898587760928;;;0;H;20180619
V;29162883000118;30278428001800;7898587766913;;;11000;H;20180619
V;29162883000118;30278428001800;7898587766937;;;8000;H;20180619
V;29162883000118;30278428001800;7898587766975;;;2000;H;20180619
V;29162883000118;30278428001800;7898587776677;;;24000;H;20180619
V;29162883000118;30278428001800;7898587776691;;;19000;H;20180619
V;29162883000118;30278428001800;7898587776691;;;31000;H;20180619
V;29162883000118;30278428001800;7898587776738;;;9000;H;20180619
V;29162883000118;30278428001800;7898587776776;;;45000;H;20180619
V;29162883000118;30278428001800;7898587776790;;;11000;H;20180619
V;29162883000118;30278428001800;7898587778749;;;3000;H;20180619
V;29162883000118;30278428001800;7898587778756;;;1000;H;20180619
V;29162883000118;30278428001800;7898587778770;;;14000;H;20180619
V;29162883000118;30278428001800;7898587778787;;;11000;H;20180619
V;29162883000118;30278428001800;7899026439269;;;8000;H;20180619
V;29162883000118;30278428001800;7899026439986;;;6000;H;20180619
V;29162883000118;30278428001800;7899026440012;;;6000;H;20180619
V;29162883000118;30278428001800;7899026440029;;;1000;H;20180619
V;29162883000118;30278428001800;7899026440036;;;3000;H;20180619
V;29162883000118;30278428001800;7899026440043;;;3000;H;20180619
V;29162883000118;30278428001800;7899026440050;;;7000;H;20180619
V;29162883000118;30278428001800;7899026440067;;;3000;H;20180619
V;29162883000118;30278428001800;7899026440074;;;3000;H;20180619
V;29162883000118;30278428001800;7899026440081;;;2000;H;20180619
V;29162883000118;30278428001800;7899026440098;;;12000;H;20180619
V;29162883000118;30278428001800;7899026440104;;;1000;H;20180619
V;29162883000118;30278428001800;7899026440111;;;3000;H;20180619
V;29162883000118;30278428001800;7899026440128;;;3000;H;20180619
V;29162883000118;30278428001800;7899026440135;;;6000;H;20180619
V;29162883000118;30278428001800;7899026440142;;;3000;H;20180619
V;29162883000118;30278428001800;7899026440159;;;3000;H;20180619
V;29162883000118;30278428001800;7899026440166;;;3000;H;20180619
V;29162883000118;30278428001800;7899026440173;;;0;H;20180619
V;29162883000118;30278428001800;7899026472051;;;3000;H;20180619
V;29162883000118;30278428001800;7899026472075;;;3000;H;20180619
V;29162883000118;30278428001800;7899026472099;;;3000;H;20180619
V;29162883000118;30278428001800;7899026472112;;;3000;H;20180619
V;29162883000118;30278428001800;7899026472136;;;3000;H;20180619
V;29162883000118;30278428001800;7899026473850;;;22000;H;20180619
V;29162883000118;30278428001800;7899026473867;;;24000;H;20180619
V;29162883000118;30278428001800;7899026473874;;;47000;H;20180619
V;29162883000118;30278428001800;7899026473881;;;48000;H;20180619
V;29162883000118;30278428001800;7899026473898;;;96000;H;20180619
V;29162883000118;30278428001800;7899026473904;;;58000;H;20180619
V;29162883000118;30278428001800;7899026473911;;;40000;H;20180619
V;29162883000118;30278428001800;7899026473928;;;9000;H;20180619
V;29162883000118;30278428001800;7899026473935;;;10000;H;20180619
V;29162883000118;30278428001800;7899026473942;;;10000;H;20180619
V;29162883000118;30278428001800;7899026473959;;;19000;H;20180619
V;29162883000118;30278428001800;7899026473973;;;20000;H;20180619
V;29162883000118;30278428001800;7899026473980;;;14000;H;20180619
V;29162883000118;30278428001800;7899026474000;;;10000;H;20180619
V;29162883000118;30278428001800;7899026474017;;;16000;H;20180619
V;29162883000118;30278428001800;7899026474031;;;14000;H;20180619
V;29162883000118;30278428001800;7899026474055;;;21000;H;20180619
V;29162883000118;30278428001800;7899026474062;;;14000;H;20180619
V;29162883000118;30278428001800;7899026474079;;;18000;H;20180619
V;29162883000118;30278428001800;7899026474109;;;15000;H;20180619
V;29162883000118;30278428001800;7899026474123;;;3000;H;20180619
V;29162883000118;30278428001800;7899026474130;;;20000;H;20180619
V;29162883000118;30278428001800;7899026474154;;;23000;H;20180619
V;29162883000118;30278428001800;7899026474161;;;15000;H;20180619
V;29162883000118;30278428001800;7899026475908;;;15000;H;20180619
V;29162883000118;30278428001800;7899026475922;;;28000;H;20180619
V;29162883000118;30278428001800;7899026475953;;;9000;H;20180619
V;29162883000118;30278428001800;7899026475977;;;22000;H;20180619
V;29162883000118;30278428001800;7899026475991;;;179000;H;20180619
V;29162883000118;30278428001800;7899026476011;;;112000;H;20180619
V;29162883000118;30278428001800;7899026479425;;;34000;H;20180619
V;29162883000118;30278428001800;7899026479432;;;17000;H;20180619
V;29162883000118;30278428001800;7899026482241;;;15000;H;20180619
V;29162883000118;30278428001800;7899026482258;;;9000;H;20180619
V;29162883000118;30278428001800;7899026482265;;;83000;H;20180619
V;29162883000118;30278428001800;7899026482968;;;1000;H;20180619
V;29162883000118;30278428001800;7899026492622;;;53000;H;20180619
V;29162883000118;30278428001800;7899026492639;;;54000;H;20180619
V;29162883000118;30278428001800;7899026492646;;;93000;H;20180619
V;29162883000118;30278428001800;7899026492653;;;89000;H;20180619
V;29162883000118;30278428001800;7899026492813;;;85000;H;20180619
V;29162883000118;30278428001800;7899026492820;;;81000;H;20180619
V;29162883000118;30278428001800;7899026492837;;;23000;H;20180619
V;29162883000118;30278428001800;7899026492844;;;85000;H;20180619
V;29162883000118;30278428001800;7899026492851;;;13000;H;20180619
V;29162883000118;30278428001800;7899026492868;;;9000;H;20180619
V;29162883000118;30278428001800;7899026492875;;;8000;H;20180619
V;29162883000118;30278428001800;7899026492882;;;8000;H;20180619
V;29162883000118;30278428001800;7899026492899;;;8000;H;20180619
V;29162883000118;30278428001800;7899026496835;;;25000;H;20180619
V;29162883000118;30278428001800;7899026496842;;;15000;H;20180619
V;29162883000118;30278428001800;7899706112123;;;3000;H;20180619
V;29162883000118;30278428001800;7899706112130;;;2000;H;20180619
V;29162883000118;30278428001800;7899706112147;;;3000;H;20180619
V;29162883000118;30278428001800;7899706112178;;;2000;H;20180619
V;29162883000118;30278428001800;7899706116008;;;15000;H;20180619
V;29162883000118;30278428001800;7899706116022;;;7000;H;20180619
V;29162883000118;30278428001800;7899706116084;;;12000;H;20180619
V;29162883000118;30278428001800;7899706116145;;;3000;H;20180619
V;29162883000118;30278428001800;7899706116145;;;171000;H;20180619
V;29162883000118;30278428001800;7899706117890;;;6000;H;20180619
V;29162883000118;30278428001800;7899706119849;;;9000;H;20180619
V;29162883000118;30278428001800;7899706119863;;;3000;H;20180619
V;29162883000118;30278428001800;7899706121392;;;24000;H;20180619
V;29162883000118;30278428001800;7899706121453;;;28000;H;20180619
V;29162883000118;30278428001800;7899706121477;;;52000;H;20180619
V;29162883000118;30278428001800;7899706121514;;;12000;H;20180619
V;29162883000118;30278428001800;7899706129121;;;2000;H;20180619
V;29162883000118;30278428001800;7899706129138;;;3000;H;20180619
V;29162883000118;30278428001800;7899706129145;;;2000;H;20180619
V;29162883000118;30278428001800;7899706132435;;;44000;H;20180619
V;29162883000118;30278428001800;7899706143097;;;8000;H;20180619
V;29162883000118;30278428001800;7899706143134;;;7000;H;20180619
V;29162883000118;30278428001800;7899706143172;;;7000;H;20180619
V;29162883000118;30278428001800;7899706143219;;;10000;H;20180619
V;29162883000118;30278428001800;7899706143219;;;299000;H;20180619
V;29162883000118;30278428001800;7899706144711;;;19000;H;20180619
V;29162883000118;30278428001800;7899706145558;;;8000;H;20180619
V;29162883000118;30278428001800;7899706147217;;;18000;H;20180619
V;29162883000118;30278428001800;7899706147989;;;0;H;20180619
V;29162883000118;30278428001800;7899706148009;;;6000;H;20180619
V;29162883000118;30278428001800;7899706148023;;;9000;H;20180619
V;29162883000118;30278428001800;7899706150989;;;12000;H;20180619
V;29162883000118;30278428001800;7899706154215;;;36000;H;20180619
V;29162883000118;30278428001800;7899706154239;;;28000;H;20180619
V;29162883000118;30278428001800;7899706154253;;;41000;H;20180619
V;29162883000118;30278428001800;7899706154277;;;45000;H;20180619
V;29162883000118;30278428001800;7899706154390;;;8000;H;20180619
V;29162883000118;30278428001800;7899706154413;;;2000;H;20180619
V;29162883000118;30278428001800;7899706154437;;;31000;H;20180619
V;29162883000118;30278428001800;7899706154451;;;37000;H;20180619
V;29162883000118;30278428001800;7899706154567;;;8000;H;20180619
V;29162883000118;30278428001800;7899706154604;;;13000;H;20180619
V;29162883000118;30278428001800;7899706154680;;;26000;H;20180619
V;29162883000118;30278428001800;7899706154703;;;15000;H;20180619
V;29162883000118;30278428001800;7899706154727;;;23000;H;20180619
V;29162883000118;30278428001800;7899706155786;;;5000;H;20180619
V;29162883000118;30278428001800;861047;;;36000;H;20180619
V;29162883000118;30278428001800;884486285560;;;6000;H;20180619
V;29162883000118;30278428001800;884486339720;;;6000;H;20180619
V;29162883000118;30278428001800;E0668900;;;6000;H;20180619
V;29162883000118;30278428001800;E0718000;;;0;H;20180619
V;29162883000118;30278428001800;E1599400;;;116000;H;20180619
V;29162883000118;30278428001800;E1605000;;;6000;H;20180619
V;29162883000118;30278428001800;E2414000;;;16000;H;20180619
V;29162883000118;30278428001800;H0612202;;;0;H;20180619
V;29162883000118;30278428001800;H2069300;;;0;H;20180619
V;29162883000118;30278428001800;H2069500;;;0;H;20180619
V;29162883000118;30278428001800;H2075100;;;0;H;20180619
V;29162883000118;30278428001800;H2075300;;;0;H;20180619
V;29162883000118;30278428001800;H2075500;;;0;H;20180619
V;29162883000118;30278428001800;H2076300;;;0;H;20180619
V;29162883000118;30278428001800;H2088600;;;0;H;20180619
V;29162883000118;30278428001800;LP056600;;;0;H;20180619
V;29162883000118;30278428001800;UBR02112;;;0;H;20180619
V;29162883000118;30278428001800;UBR02143;;;0;H;20180619
V;29162883000118;30278428001800;UBR02152;;;0;H;20180619
V;29162883000118;30278428001800;UBR02153;;;0;H;20180619
V;29162883000118;30278428001800;UBR02154;;;0;H;20180619
V;29162883000118;30278428001800;UBR02155;;;0;H;20180619
V;29162883000118;30278428001800;UBR02168;;;0;H;20180619
V;29162883000118;30278428001800;UBR02169;;;0;H;20180619
E
