Cartao 1.1;7;11;12;13;14;58;
Cartao 1.2;7;12;24;28;52;58;
Cartao 1.3;2;7;11;12;52;58;
Cartao 2.1;2;13;24;35;46;56;
Cartao 2.2;14;25;36;49;58;59;
Cartao 2.3;15;32;36;43;48;58;
Cartao 3.1;18;28;32;34;56;57;
Cartao 3.2;6;17;29;39;54;55;
Cartao 3.3;6;14;23;33;34;36;
Cartao 4.1;3;5;10;12;35;48;
Cartao 4.2;7;22;25;29;45;59;
Cartao 4.3;4;8;23;36;42;57;
Cartao 5.1;3;6;13;25;34;46;
Cartao 5.2;3;9;15;23;37;45;
Cartao 5.3;14;22;37;53;57;60;
Cartao 6.1;1;5;7;9;12;14;
Cartao 6.2;1;9;15;17;27;49;
Cartao 6.3;12;15;21;27;49;59;
Cartao 7.1;3;6;13;25;34;46;
Cartao 7.2;3;5;12;17;27;34;
Cartao 7.3;3;9;16;23;37;45;
Gabriel  1;2;14;27;35;42;48;
Gabriel  2;6;13;19;35;42;58;
Gabriel  3;8;15;23;37;40;51;
Lisiane  1;1;2;3;6;9;12;
Lisiane  2;5;8;10;13;18;19;
Lisiane  3;7;10;13;24;27;31;
Adriana  1;2;14;23;29;44;52;
Adriana  2;3;7;12;27;42;45;
Adriana  3;11;20;25;32;41;58;
Aroldo   1;8;13;17;48;54;57;
Pai      1;16;18;21;38;39;47;
Mãe      1;11;14;31;46;47;51;
Odir     1;7;14;25;35;44;56;
Darcy    1;7;9;11;46;57;58;
Diogo    1;7;19;24;32;45;57;
Diogo    2;2;17;23;28;49;60;
Diogo    3;3;5;8;10;13;19;
Silvia   1;15;24;38;43;46;47;


