Cartao 1.1;7;11;12;13;26;58;
Cartao 1.2;7;12;24;28;52;58;
Cartao 1.3;2;7;11;12;52;58;
Cartao 2.1;2;13;24;35;46;56;
Cartao 2.2;14;25;36;49;58;59;
Cartao 2.3;15;32;36;43;48;58;
Cartao 3.1;18;28;32;34;56;57;
Cartao 3.2;6;17;29;39;54;55;
Cartao 3.3;6;14;23;33;34;36;
Cartao 4.1;3;5;10;12;35;48;
Cartao 4.2;7;22;25;29;45;59;
Cartao 4.3;4;8;23;36;42;57;
Cartao 5.1;3;6;13;25;34;46;
Cartao 5.2;3;9;15;23;37;45;
Cartao 5.3;14;22;37;53;57;60;
Cartao 6.1;1;5;7;9;12;14;
Cartao 6.2;1;9;15;17;27;49;
Cartao 6.3;12;15;21;27;49;59;
Cartao 7.1;3;6;13;25;34;46;
Cartao 7.2;3;5;12;17;27;34;
Cartao 7.3;3;9;16;23;37;45;
Cartao 8.1;16;21;36;48;54;56;
Cartao 8.2;6;13;24;38;39;56;
Cart. G1.1;3;18;22;25;38;44;
Cart. G1.2;5;7;23;41;45;49;
Cart. G2.1;2;4;16;22;37;50;
Cart. G2.2;4;15;29;32;36;42;
Cart. G3.1;2;17;23;39;54;57;
Cart. G3.2;4;11;18;23;39;47;
Cart. G3.3;12;18;24;36;52;57;
Cart. P1.1;4;28;29;33;36;39;
Cart. P1.2;4;23;27;31;54;59;
Cart. P1.3;1;9;17;22;45;51;
